8	0
147	1
233	2
242	3
259	4
302	5
319	6
336	7
427	8
485	9
521	10
538	11
620	12
788	13
819	14
913	15
970	16
1016	17
1033	18
1049	19
1094	20
1103	21
1113	22
1149	23
1263	24
1296	25
1320	26
1328	27
1352	28
1423	29
1455	30
1505	31
1557	32
1701	33
1751	34
1774	35
1856	36
1933	37
1952	38
1987	39
2022	40
2151	41
2300	42
2315	43
2330	44
2367	45
2437	46
2487	47
2498	48
2549	49
2570	50
2586	51
2611	52
2636	53
2701	54
2716	55
2748	56
2831	57
2911	58
2934	59
2952	60
2961	61
2989	62
3032	63
3083	64
3122	65
3220	66
3233	67
3257	68
3279	69
3337	70
3396	71
3421	72
3454	73
3513	74
3539	75
3568	76
3646	77
3789	78
3817	79
3836	80
3914	81
3943	82
3957	83
4109	84
4135	85
4154	86
4188	87
4237	88
4324	89
4363	90
4488	91
4549	92
4681	93
4717	94
4742	95
4762	96
4795	97
4828	98
4911	99
4977	100
5024	101
5075	102
5108	103
5186	104
5251	105
5266	106
5323	107
5424	108
5478	109
5606	110
5648	111
5817	112
5863	113
6020	114
6047	115
6067	116
6092	117
6120	118
6141	119
6157	120
6186	121
6195	122
6263	123
6403	124
6452	125
6510	126
6548	127
6585	128
6652	129
6663	130
6677	131
6704	132
6796	133
6862	134
6934	135
6995	136
7050	137
7066	138
7105	139
7122	140
7175	141
7212	142
7268	143
7275	144
7290	145
7328	146
7379	147
7396	148
7506	149
7558	150
7706	151
7740	152
7779	153
7843	154
7865	155
7924	156
7948	157
8016	158
8039	159
8068	160
8216	161
8232	162
8336	163
8351	164
8373	165
8386	166
8408	167
8445	168
8452	169
8484	170
8554	171
8612	172
8622	173
8670	174
8680	175
8691	176
8716	177
8743	178
8775	179
8794	180
8905	181
8953	182
8974	183
8997	184
9016	185
9054	186
9106	187
9145	188
9152	189
9167	190
9198	191
9307	192
9402	193
9440	194
9469	195
9486	196
9548	197
9566	198
9578	199
9600	200
9660	201
9689	202
9766	203
9796	204
9909	205
9917	206
9928	207
9985	208
10054	209
10178	210
10192	211
10235	212
10253	213
10289	214
10327	215
10376	216
10425	217
10486	218
10510	219
10523	220
10567	221
10587	222
10620	223
10654	224
10680	225
10691	226
10725	227
10740	228
10808	229
10831	230
10885	231
10949	232
10990	233
11001	234
11042	235
11081	236
11109	237
11144	238
11166	239
11260	240
11274	241
11295	242
11428	243
11475	244
11568	245
11604	246
11636	247
11690	248
11699	249
11713	250
11721	251
11729	252
11779	253
11829	254
11844	255
11853	256
11896	257
11996	258
12003	259
12025	260
12074	261
12098	262
12155	263
12205	264
12299	265
12353	266
12366	267
12417	268
12476	269
12506	270
12529	271
12587	272
12623	273
12667	274
12690	275
12708	276
12751	277
12804	278
12829	279
12874	280
12885	281
12925	282
12976	283
12994	284
13062	285
13084	286
13102	287
13129	288
13161	289
13191	290
13214	291
13222	292
13229	293
13293	294
13320	295
13356	296
13366	297
13434	298
13469	299
13629	300
13642	301
13676	302
13691	303
13713	304
13724	305
13783	306
13791	307
13913	308
13936	309
13973	310
13994	311
14030	312
14048	313
14067	314
14077	315
14206	316
14288	317
14323	318
14386	319
14426	320
14486	321
14497	322
14579	323
14631	324
14653	325
14666	326
14677	327
14735	328
14759	329
14876	330
14966	331
14974	332
14998	333
15012	334
15049	335
15067	336
15092	337
15116	338
15180	339
15211	340
15260	341
15298	342
15318	343
15408	344
15464	345
15494	346
15526	347
15554	348
15565	349
15624	350
15728	351
15766	352
15784	353
15800	354
15807	355
15905	356
15991	357
16016	358
16042	359
16080	360
16090	361
16153	362
16162	363
16181	364
16193	365
16205	366
16394	367
16419	368
16495	369
16512	370
16524	371
16553	372
16602	373
16626	374
16643	375
16679	376
16727	377
16834	378
16867	379
16915	380
16935	381
16953	382
16972	383
17102	384
17130	385
17187	386
17210	387
17308	388
17340	389
17397	390
17430	391
17531	392
17555	393
17633	394
17659	395
17684	396
17711	397
17807	398
17855	399
17884	400
18115	401
18144	402
18349	403
18481	404
18588	405
18745	406
18785	407
18924	408
19009	409
19222	410
19320	411
19433	412
19560	413
19622	414
19688	415
19812	416
20181	417
20214	418
20235	419
20269	420
20614	421
20719	422
20889	423
21050	424
21127	425
21307	426
21503	427
21566	428
21619	429
21862	430
22054	431
22091	432
22163	433
22225	434
22546	435
22563	436
22617	437
22681	438
22728	439
22743	440
22919	441
23026	442
23100	443
23135	444
23199	445
23351	446
23367	447
23486	448
23523	449
23595	450
23650	451
23849	452
23948	453
23992	454
24009	455
24096	456
24346	457
24404	458
24571	459
24608	460
24770	461
24802	462
24924	463
25116	464
25253	465
25488	466
25515	467
25702	468
25723	469
25738	470
25795	471
25810	472
25936	473
26018	474
26036	475
26183	476
26200	477
26261	478
26305	479
26497	480
26550	481
26579	482
26623	483
26642	484
26654	485
26679	486
26787	487
26876	488
26954	489
27006	490
27065	491
27143	492
27166	493
27181	494
27229	495
27275	496
27380	497
27443	498
27466	499
27541	500
27624	501
27640	502
27697	503
27748	504
27832	505
27910	506
28049	507
28061	508
28153	509
28206	510
28336	511
28459	512
28550	513
28594	514
28674	515
28803	516
28843	517
28870	518
29167	519
29415	520
29455	521
29480	522
29509	523
29555	524
29658	525
29712	526
29888	527
29921	528
30018	529
30040	530
30064	531
30103	532
30221	533
30261	534
30378	535
30712	536
30815	537
30848	538
30962	539
31272	540
31429	541
31503	542
31602	543
31749	544
31809	545
31942	546
31994	547
32033	548
32059	549
32180	550
32282	551
32415	552
32438	553
32518	554
32542	555
32598	556
32839	557
32981	558
33106	559
33225	560
33457	561
33703	562
33746	563
33804	564
33925	565
34001	566
34047	567
34267	568
34537	569
34764	570
34807	571
34860	572
35010	573
35089	574
35223	575
35289	576
35374	577
35440	578
35480	579
35518	580
35541	581
35646	582
35848	583
35995	584
36075	585
36200	586
36332	587
36549	588
36597	589
36616	590
36667	591
36735	592
36746	593
36829	594
36844	595
36873	596
36971	597
37115	598
37186	599
37213	600
37550	601
37567	602
37786	603
37851	604
37950	605
38220	606
38271	607
38525	608
38579	609
38719	610
38790	611
39077	612
39091	613
39319	614
39375	615
39415	616
39593	617
39642	618
39674	619
39694	620
39813	621
39840	622
39895	623
39968	624
40523	625
40562	626
40599	627
40625	628
40683	629
40836	630
40878	631
40917	632
41072	633
41150	634
41183	635
41201	636
41379	637
41461	638
41505	639
41568	640
41685	641
41788	642
41801	643
41911	644
42074	645
42250	646
42450	647
42525	648
42725	649
42841	650
43046	651
43070	652
43164	653
43335	654
43502	655
43554	656
43678	657
44010	658
44046	659
44278	660
44303	661
44334	662
44368	663
44382	664
44451	665
44460	666
44568	667
44712	668
44758	669
45095	670
45129	671
45151	672
45212	673
45276	674
45299	675
45368	676
45428	677
45497	678
45524	679
45573	680
45748	681
45897	682
45974	683
46052	684
46220	685
46319	686
46409	687
46549	688
46715	689
46766	690
46798	691
46888	692
46970	693
47053	694
47150	695
47238	696
47252	697
47559	698
47630	699
47658	700
47923	701
47951	702
47996	703
48054	704
48330	705
48396	706
48429	707
48472	708
48520	709
48552	710
48586	711
48810	712
49031	713
49104	714
49159	715
49238	716
49300	717
49394	718
49591	719
49683	720
49816	721
49839	722
49896	723
49978	724
50012	725
50064	726
50195	727
50323	728
50387	729
50438	730
50556	731
50603	732
50698	733
50732	734
50763	735
50838	736
50917	737
50941	738
51017	739
51114	740
51188	741
51283	742
51367	743
51379	744
51444	745
51488	746
51579	747
51722	748
51757	749
52177	750
52303	751
52355	752
52474	753
52515	754
52565	755
52751	756
52828	757
52867	758
53033	759
53104	760
53118	761
53147	762
53161	763
53194	764
53225	765
53346	766
53464	767
53624	768
53668	769
53806	770
53844	771
53870	772
53949	773
54005	774
54153	775
54208	776
54255	777
54307	778
54333	779
54461	780
54505	781
54582	782
54691	783
54772	784
54916	785
54968	786
55147	787
55267	788
55395	789
55773	790
55826	791
55843	792
55976	793
55995	794
56055	795
56089	796
56171	797
56373	798
56419	799
56555	800
56684	801
56796	802
56885	803
56997	804
57030	805
57151	806
57284	807
57443	808
57681	809
57722	810
57956	811
57999	812
58088	813
58181	814
58346	815
58464	816
58519	817
58699	818
58758	819
58871	820
58882	821
58898	822
58923	823
58935	824
59005	825
59208	826
59264	827
59557	828
59596	829
59756	830
59799	831
59871	832
59890	833
59979	834
60064	835
60395	836
60465	837
60597	838
60610	839
60654	840
60690	841
60725	842
60756	843
60840	844
61034	845
61193	846
61268	847
61392	848
61434	849
61522	850
61572	851
61637	852
61713	853
61876	854
62070	855
62149	856
62195	857
62254	858
62278	859
62346	860
62356	861
62398	862
62825	863
62938	864
63050	865
63207	866
63236	867
63248	868
63285	869
63394	870
63458	871
63556	872
63581	873
63633	874
63680	875
63696	876
63774	877
63930	878
64027	879
64050	880
64120	881
64250	882
64395	883
64432	884
64476	885
64486	886
64555	887
64607	888
64649	889
64687	890
64705	891
64738	892
64801	893
64826	894
64867	895
65423	896
65563	897
65612	898
65754	899
65775	900
65900	901
65928	902
66011	903
66163	904
66198	905
66388	906
66509	907
66681	908
66713	909
66759	910
66824	911
67063	912
67148	913
67528	914
67640	915
67744	916
67794	917
67926	918
68017	919
68086	920
68228	921
68288	922
68308	923
68360	924
68439	925
68476	926
68536	927
68693	928
68737	929
68918	930
68932	931
69062	932
69167	933
69249	934
69355	935
69405	936
69550	937
69717	938
69755	939
69797	940
69836	941
69950	942
70006	943
70094	944
70202	945
70255	946
70307	947
70497	948
70613	949
70781	950
70831	951
70894	952
70991	953
71214	954
71322	955
71493	956
71598	957
71664	958
71735	959
71822	960
71907	961
72099	962
72179	963
72255	964
72405	965
72481	966
72551	967
72563	968
72646	969
72798	970
72924	971
73226	972
73253	973
73317	974
73360	975
73623	976
73653	977
73688	978
73727	979
73797	980
73870	981
73962	982
74019	983
74110	984
74225	985
74254	986
74271	987
74322	988
74379	989
74391	990
74577	991
74708	992
74793	993
74843	994
74967	995
75015	996
75061	997
75110	998
75182	999
75204	1000
75265	1001
75324	1002
75490	1003
75507	1004
75561	1005
75626	1006
75803	1007
75927	1008
76447	1009
76566	1010
76601	1011
76680	1012
76734	1013
76837	1014
76885	1015
76931	1016
76972	1017
77046	1018
77180	1019
77247	1020
77302	1021
77527	1022
77563	1023
77620	1024
78214	1025
78238	1026
78257	1027
78341	1028
78389	1029
78404	1030
78535	1031
78549	1032
78607	1033
78674	1034
78721	1035
78755	1036
78854	1037
79054	1038
79113	1039
79164	1040
79205	1041
79237	1042
79357	1043
79486	1044
79511	1045
79593	1046
79684	1047
79706	1048
79882	1049
80036	1050
80083	1051
80298	1052
80359	1053
80417	1054
80443	1055
80474	1056
80559	1057
80683	1058
80743	1059
80924	1060
80959	1061
80991	1062
81173	1063
81195	1064
81344	1065
81392	1066
81416	1067
81484	1068
81511	1069
81597	1070
81706	1071
82006	1072
82073	1073
82093	1074
82284	1075
82359	1076
82395	1077
82425	1078
82630	1079
82662	1080
82770	1081
82887	1082
82897	1083
82979	1084
83001	1085
83039	1086
83070	1087
83181	1088
83355	1089
83375	1090
83388	1091
83408	1092
83447	1093
83503	1094
83527	1095
83690	1096
83734	1097
83844	1098
83903	1099
84023	1100
84115	1101
84124	1102
84229	1103
84239	1104
84365	1105
84382	1106
84469	1107
84521	1108
84552	1109
84568	1110
84603	1111
84791	1112
84917	1113
84972	1114
85166	1115
85268	1116
85364	1117
85410	1118
85506	1119
85556	1120
85592	1121
85755	1122
85813	1123
85943	1124
86012	1125
86086	1126
86141	1127
86217	1128
86268	1129
86320	1130
86388	1131
86468	1132
86672	1133
86730	1134
86875	1135
86928	1136
87192	1137
87499	1138
87615	1139
87652	1140
87693	1141
87760	1142
87841	1143
87897	1144
87974	1145
88108	1146
88153	1147
88241	1148
88649	1149
88658	1150
88706	1151
88716	1152
88800	1153
88842	1154
88964	1155
89083	1156
89201	1157
89224	1158
89295	1159
89391	1160
89454	1161
89549	1162
89615	1163
89712	1164
89838	1165
89869	1166
89921	1167
89990	1168
90070	1169
90113	1170
90145	1171
90178	1172
90290	1173
90433	1174
90582	1175
90629	1176
90877	1177
90925	1178
91038	1179
91110	1180
91172	1181
91262	1182
91381	1183
91479	1184
91516	1185
91618	1186
91730	1187
91764	1188
91998	1189
92017	1190
92177	1191
92302	1192
92341	1193
92383	1194
92419	1195
92465	1196
92564	1197
92616	1198
92631	1199
92690	1200
92890	1201
92968	1202
93000	1203
93030	1204
93070	1205
93114	1206
93408	1207
93463	1208
93594	1209
93793	1210
93867	1211
93902	1212
94012	1213
94054	1214
94089	1215
94282	1216
94482	1217
94632	1218
94871	1219
94964	1220
95023	1221
95033	1222
95066	1223
95115	1224
95237	1225
95278	1226
95487	1227
95606	1228
95671	1229
95685	1230
95705	1231
95919	1232
95944	1233
96012	1234
96132	1235
96154	1236
96288	1237
96313	1238
96426	1239
96551	1240
96577	1241
96588	1242
96606	1243
96703	1244
96766	1245
96816	1246
96883	1247
96991	1248
97216	1249
97386	1250
97403	1251
97458	1252
97497	1253
97582	1254
97600	1255
97661	1256
97691	1257
97770	1258
97786	1259
97841	1260
97867	1261
97951	1262
98013	1263
98048	1264
98097	1265
98179	1266
98206	1267
98331	1268
98444	1269
98636	1270
98720	1271
98784	1272
98870	1273
98932	1274
98998	1275
99093	1276
99132	1277
99207	1278
99345	1279
99379	1280
99392	1281
99512	1282
99536	1283
99654	1284
100111	1285
100149	1286
100456	1287
100668	1288
100884	1289
100957	1290
100981	1291
101038	1292
101063	1293
101084	1294
101198	1295
101421	1296
101470	1297
101624	1298
101721	1299
101787	1300
101819	1301
101946	1302
102014	1303
102120	1304
102129	1305
102185	1306
102218	1307
102248	1308
102362	1309
102379	1310
102420	1311
102444	1312
102661	1313
102722	1314
102824	1315
102867	1316
102909	1317
102929	1318
102977	1319
103005	1320
103185	1321
103201	1322
103225	1323
103307	1324
103371	1325
103491	1326
103593	1327
103644	1328
103809	1329
103866	1330
103884	1331
103913	1332
104003	1333
104064	1334
104231	1335
104354	1336
104398	1337
104605	1338
104706	1339
104800	1340
104830	1341
104856	1342
104968	1343
105096	1344
105242	1345
105373	1346
105425	1347
105581	1348
105638	1349
105661	1350
105714	1351
105789	1352
105986	1353
106060	1354
106104	1355
106147	1356
106272	1357
106378	1358
106491	1359
106507	1360
106572	1361
106631	1362
106690	1363
106739	1364
106781	1365
106833	1366
106931	1367
106971	1368
107005	1369
107072	1370
107171	1371
107361	1372
107521	1373
107636	1374
107686	1375
107862	1376
107984	1377
